OS: macOS Catalina
Proc: 1,1 GHz 2‑ядерный процессор Intel Core m3

Determinant:
     th/dim;           1;           2;           3;           4;           5;           6;           7;           8;           9;
   6(   -5);   0.0005863;   0.0005796;   0.0005915;   0.0005916;   0.0005934;   0.0005662;   0.0005687;   0.0005680;   0.0006000;
   7(    6);   0.0007156;   0.0006750;   0.0007240;   0.0007207;   0.0007127;   0.0007303;   0.0006837;   0.0006983;   0.0009269;
  10(   -9);   0.0013715;   0.0015119;   0.0014069;   0.0014579;   0.0013330;   0.0013046;   0.0013727;   0.0013027;   0.0012800;
  11(   10);   0.0014242;   0.0015653;   0.0014065;   0.0014400;   0.0014496;   0.0014351;   0.0014547;   0.0015376;   0.0014531;
  15(   14);   0.0020567;   0.0020328;   0.0020489;   0.0021693;   0.0021074;   0.0018728;   0.0020180;   0.0020932;   0.0022246;
  25(   24);   0.0036708;   0.0036068;   0.0035654;   0.0035636;   0.0035932;   0.0036682;   0.0036071;   0.0036407;   0.0036168;
  50(  -49);   0.0083036;   0.0087818;   0.0097075;   0.0099245;   0.0095739;   0.0094151;   0.0100863;   0.0110448;   0.0108194;
 111(  110);   0.0281082;   0.0269278;   0.0272670;   0.0263128;   0.0262571;   0.0261492;   0.0264987;   0.0267688;   0.0264474;
 150( -149);   0.0441289;   0.0356936;   0.0388948;   0.0370814;   0.0384076;   0.0344588;   0.0347828;   0.0361047;   0.0366782;
 201(  200);   0.0692243;   0.0711078;   0.0787663;   0.0894065;   0.0696326;   0.0682121;   0.0645109;   0.0666752;   0.0803257;
 300( -299);   0.1772833;   0.1595496;   0.1653096;   0.1758160;   0.1564129;   0.1524847;   0.1531483;   0.1678301;   0.1549436;
 500( -499);   0.6367142;   0.6208592;   0.6089859;   1.0197958;   0.7794815;   0.6762474;   0.6305036;   0.6777225;   0.7333276;
dim/th;           6;           7;          10;          11;          15;          25;          50;         111;         150;         201;         300;         500;
     1;   0.0005863;   0.0007156;   0.0013715;   0.0014242;   0.0020567;   0.0036708;   0.0083036;   0.0281082;   0.0441289;   0.0692243;   0.1772833;   0.6367142;
     2;   0.0005796;   0.0006750;   0.0015119;   0.0015653;   0.0020328;   0.0036068;   0.0087818;   0.0269278;   0.0356936;   0.0711078;   0.1595496;   0.6208592;
     3;   0.0005915;   0.0007240;   0.0014069;   0.0014065;   0.0020489;   0.0035654;   0.0097075;   0.0272670;   0.0388948;   0.0787663;   0.1653096;   0.6089859;
     4;   0.0005916;   0.0007207;   0.0014579;   0.0014400;   0.0021693;   0.0035636;   0.0099245;   0.0263128;   0.0370814;   0.0894065;   0.1758160;   1.0197958;
     5;   0.0005934;   0.0007127;   0.0013330;   0.0014496;   0.0021074;   0.0035932;   0.0095739;   0.0262571;   0.0384076;   0.0696326;   0.1564129;   0.7794815;
     6;   0.0005662;   0.0007303;   0.0013046;   0.0014351;   0.0018728;   0.0036682;   0.0094151;   0.0261492;   0.0344588;   0.0682121;   0.1524847;   0.6762474;
     7;   0.0005687;   0.0006837;   0.0013727;   0.0014547;   0.0020180;   0.0036071;   0.0100863;   0.0264987;   0.0347828;   0.0645109;   0.1531483;   0.6305036;
     8;   0.0005680;   0.0006983;   0.0013027;   0.0015376;   0.0020932;   0.0036407;   0.0110448;   0.0267688;   0.0361047;   0.0666752;   0.1678301;   0.6777225;
     9;   0.0006000;   0.0009269;   0.0012800;   0.0014531;   0.0022246;   0.0036168;   0.0108194;   0.0264474;   0.0366782;   0.0803257;   0.1549436;   0.7333276;
Sum:
     th/dim;           1;           2;           3;           4;           5;           6;           7;           8;           9;
   6(     );   0.0000095;   0.0000093;   0.0000098;   0.0000101;   0.0000101;   0.0000100;   0.0000100;   0.0000102;   0.0000099;
   7(     );   0.0000124;   0.0000122;   0.0000113;   0.0000118;   0.0000116;   0.0000119;   0.0000120;   0.0000115;   0.0000123;
  10(     );   0.0000190;   0.0000179;   0.0000190;   0.0000196;   0.0000191;   0.0000212;   0.0000181;   0.0000190;   0.0000199;
  11(     );   0.0000215;   0.0000199;   0.0000213;   0.0000226;   0.0000215;   0.0000207;   0.0000231;   0.0000228;   0.0000213;
  15(     );   0.0000325;   0.0000338;   0.0000325;   0.0000323;   0.0000342;   0.0000327;   0.0000348;   0.0000359;   0.0000332;
  25(     );   0.0000755;   0.0000728;   0.0000775;   0.0000771;   0.0000639;   0.0000563;   0.0000563;   0.0000739;   0.0000770;
  50(     );   0.0001839;   0.0002738;   0.0002046;   0.0002553;   0.0002646;   0.0002406;   0.0002511;   0.0002040;   0.0002758;
 111(     );   0.0011086;   0.0012480;   0.0010976;   0.0011072;   0.0008976;   0.0010249;   0.0009331;   0.0010559;   0.0010385;
 150(     );   0.0014783;   0.0019355;   0.0017979;   0.0018233;   0.0016797;   0.0018121;   0.0019093;   0.0018463;   0.0018614;
 201(     );   0.0037939;   0.0030889;   0.0025752;   0.0021957;   0.0022194;   0.0021993;   0.0022075;   0.0021866;   0.0021902;
 300(     );   0.0056826;   0.0052441;   0.0061339;   0.0065830;   0.0061309;   0.0064441;   0.0054024;   0.0046863;   0.0049365;
 500(     );   0.0205683;   0.0137895;   0.0134467;   0.0142737;   0.0152994;   0.0141186;   0.0135466;   0.0135240;   0.0161131;
 501(     );   0.0180087;   0.0195705;   0.0170886;   0.0144892;   0.0134313;   0.0155303;   0.0126185;   0.0129168;   0.0130922;
1000(     );   0.0667924;   0.0497421;   0.0517382;   0.0555509;   0.0557533;   0.0650213;   0.0652786;   0.0733235;   0.0964285;
dim/th;           6;           7;          10;          11;          15;          25;          50;         111;         150;         201;         300;         500;         501;        1000;
     1;   0.0000095;   0.0000124;   0.0000190;   0.0000215;   0.0000325;   0.0000755;   0.0001839;   0.0011086;   0.0014783;   0.0037939;   0.0056826;   0.0205683;   0.0180087;   0.0667924;
     2;   0.0000093;   0.0000122;   0.0000179;   0.0000199;   0.0000338;   0.0000728;   0.0002738;   0.0012480;   0.0019355;   0.0030889;   0.0052441;   0.0137895;   0.0195705;   0.0497421;
     3;   0.0000098;   0.0000113;   0.0000190;   0.0000213;   0.0000325;   0.0000775;   0.0002046;   0.0010976;   0.0017979;   0.0025752;   0.0061339;   0.0134467;   0.0170886;   0.0517382;
     4;   0.0000101;   0.0000118;   0.0000196;   0.0000226;   0.0000323;   0.0000771;   0.0002553;   0.0011072;   0.0018233;   0.0021957;   0.0065830;   0.0142737;   0.0144892;   0.0555509;
     5;   0.0000101;   0.0000116;   0.0000191;   0.0000215;   0.0000342;   0.0000639;   0.0002646;   0.0008976;   0.0016797;   0.0022194;   0.0061309;   0.0152994;   0.0134313;   0.0557533;
     6;   0.0000100;   0.0000119;   0.0000212;   0.0000207;   0.0000327;   0.0000563;   0.0002406;   0.0010249;   0.0018121;   0.0021993;   0.0064441;   0.0141186;   0.0155303;   0.0650213;
     7;   0.0000100;   0.0000120;   0.0000181;   0.0000231;   0.0000348;   0.0000563;   0.0002511;   0.0009331;   0.0019093;   0.0022075;   0.0054024;   0.0135466;   0.0126185;   0.0652786;
     8;   0.0000102;   0.0000115;   0.0000190;   0.0000228;   0.0000359;   0.0000739;   0.0002040;   0.0010559;   0.0018463;   0.0021866;   0.0046863;   0.0135240;   0.0129168;   0.0733235;
     9;   0.0000099;   0.0000123;   0.0000199;   0.0000213;   0.0000332;   0.0000770;   0.0002758;   0.0010385;   0.0018614;   0.0021902;   0.0049365;   0.0161131;   0.0130922;   0.0964285;
Substr:
     th/dim;           1;           2;           3;           4;           5;           6;           7;           8;           9;
   6(     );   0.0000112;   0.0000112;   0.0000111;   0.0000112;   0.0000111;   0.0000099;   0.0000101;   0.0000103;   0.0000102;
   7(     );   0.0000132;   0.0000128;   0.0000126;   0.0000134;   0.0000128;   0.0000135;   0.0000136;   0.0000127;   0.0000126;
  10(     );   0.0000209;   0.0000207;   0.0000187;   0.0000189;   0.0000203;   0.0000211;   0.0000208;   0.0000183;   0.0000183;
  11(     );   0.0000213;   0.0000228;   0.0000219;   0.0000209;   0.0000214;   0.0000203;   0.0000212;   0.0000209;   0.0000211;
  15(     );   0.0000327;   0.0000335;   0.0000319;   0.0000336;   0.0000340;   0.0000361;   0.0000359;   0.0000375;   0.0000366;
  25(     );   0.0000762;   0.0000736;   0.0000755;   0.0000838;   0.0000815;   0.0000792;   0.0000731;   0.0000756;   0.0000818;
  50(     );   0.0002691;   0.0002693;   0.0002697;   0.0002585;   0.0002574;   0.0002366;   0.0002475;   0.0002162;   0.0002560;
 111(     );   0.0012274;   0.0018369;   0.0013011;   0.0011371;   0.0010840;   0.0010847;   0.0010516;   0.0010574;   0.0010282;
 150(     );   0.0020450;   0.0018943;   0.0013847;   0.0019264;   0.0018350;   0.0018162;   0.0015853;   0.0017847;   0.0015400;
 201(     );   0.0027449;   0.0033685;   0.0028551;   0.0029981;   0.0021668;   0.0028124;   0.0021713;   0.0023217;   0.0024801;
 300(     );   0.0068057;   0.0070899;   0.0052512;   0.0076621;   0.0077631;   0.0067110;   0.0073991;   0.0065335;   0.0068645;
 500(     );   0.0250704;   0.0264336;   0.0184966;   0.0132922;   0.0131458;   0.0136626;   0.0141507;   0.0132820;   0.0132923;
 501(     );   0.0175491;   0.0145444;   0.0145546;   0.0182345;   0.0252691;   0.0155341;   0.0167436;   0.0196791;   0.0154605;
1000(     );   0.0987824;   0.0731183;   0.0662100;   0.0757979;   0.0587507;   0.0523944;   0.0486851;   0.0473750;   0.0484090;
dim/th;           6;           7;          10;          11;          15;          25;          50;         111;         150;         201;         300;         500;         501;        1000;
     1;   0.0000112;   0.0000132;   0.0000209;   0.0000213;   0.0000327;   0.0000762;   0.0002691;   0.0012274;   0.0020450;   0.0027449;   0.0068057;   0.0250704;   0.0175491;   0.0987824;
     2;   0.0000112;   0.0000128;   0.0000207;   0.0000228;   0.0000335;   0.0000736;   0.0002693;   0.0018369;   0.0018943;   0.0033685;   0.0070899;   0.0264336;   0.0145444;   0.0731183;
     3;   0.0000111;   0.0000126;   0.0000187;   0.0000219;   0.0000319;   0.0000755;   0.0002697;   0.0013011;   0.0013847;   0.0028551;   0.0052512;   0.0184966;   0.0145546;   0.0662100;
     4;   0.0000112;   0.0000134;   0.0000189;   0.0000209;   0.0000336;   0.0000838;   0.0002585;   0.0011371;   0.0019264;   0.0029981;   0.0076621;   0.0132922;   0.0182345;   0.0757979;
     5;   0.0000111;   0.0000128;   0.0000203;   0.0000214;   0.0000340;   0.0000815;   0.0002574;   0.0010840;   0.0018350;   0.0021668;   0.0077631;   0.0131458;   0.0252691;   0.0587507;
     6;   0.0000099;   0.0000135;   0.0000211;   0.0000203;   0.0000361;   0.0000792;   0.0002366;   0.0010847;   0.0018162;   0.0028124;   0.0067110;   0.0136626;   0.0155341;   0.0523944;
     7;   0.0000101;   0.0000136;   0.0000208;   0.0000212;   0.0000359;   0.0000731;   0.0002475;   0.0010516;   0.0015853;   0.0021713;   0.0073991;   0.0141507;   0.0167436;   0.0486851;
     8;   0.0000103;   0.0000127;   0.0000183;   0.0000209;   0.0000375;   0.0000756;   0.0002162;   0.0010574;   0.0017847;   0.0023217;   0.0065335;   0.0132820;   0.0196791;   0.0473750;
     9;   0.0000102;   0.0000126;   0.0000183;   0.0000211;   0.0000366;   0.0000818;   0.0002560;   0.0010282;   0.0015400;   0.0024801;   0.0068645;   0.0132923;   0.0154605;   0.0484090;
Mult:
     th/dim;           1;           2;           3;           4;           5;           6;           7;           8;           9;
   6(     );   0.0000123;   0.0000122;   0.0000121;   0.0000120;   0.0000120;   0.0000120;   0.0000119;   0.0000121;   0.0000120;
   7(     );   0.0000168;   0.0000165;   0.0000168;   0.0000168;   0.0000167;   0.0000166;   0.0000168;   0.0000168;   0.0000167;
  10(     );   0.0000396;   0.0000396;   0.0000396;   0.0000395;   0.0000396;   0.0000396;   0.0000398;   0.0000394;   0.0000395;
  11(     );   0.0000496;   0.0000494;   0.0000495;   0.0000494;   0.0000496;   0.0000497;   0.0000502;   0.0000496;   0.0000498;
  15(     );   0.0001103;   0.0001100;   0.0001102;   0.0001118;   0.0001114;   0.0001116;   0.0001109;   0.0001250;   0.0001234;
  25(     );   0.0004496;   0.0004520;   0.0004677;   0.0004493;   0.0004547;   0.0004511;   0.0004523;   0.0004872;   0.0004800;
  50(     );   0.0036988;   0.0036664;   0.0038164;   0.0037704;   0.0038620;   0.0035987;   0.0038793;   0.0035749;   0.0034667;
 111(     );   0.0382125;   0.0193519;   0.0214281;   0.0221823;   0.0287091;   0.0192529;   0.0194218;   0.0201945;   0.0199350;
 150(     );   0.0931587;   0.0487377;   0.0498912;   0.0492435;   0.0493709;   0.0495626;   0.0495531;   0.0556042;   0.0553995;
 201(     );   0.2729893;   0.1545691;   0.1942463;   0.1818980;   0.2133216;   0.1480502;   0.1480382;   0.1400663;   0.1350328;
 300(     );   1.0518303;   0.4597915;   0.4231506;   0.3680858;   0.4949870;   0.5168074;   0.5529154;   0.4569830;   0.3821432;
 500(     );   4.5773864;   3.4784420;   2.2243834;   2.1208129;   2.2086654;   3.0273912;   2.5455194;   2.3610585;   2.2820374;
dim/th;           6;           7;          10;          11;          15;          25;          50;         111;         150;         201;         300;         500;
     1;   0.0000123;   0.0000168;   0.0000396;   0.0000496;   0.0001103;   0.0004496;   0.0036988;   0.0382125;   0.0931587;   0.2729893;   1.0518303;   4.5773864;
     2;   0.0000122;   0.0000165;   0.0000396;   0.0000494;   0.0001100;   0.0004520;   0.0036664;   0.0193519;   0.0487377;   0.1545691;   0.4597915;   3.4784420;
     3;   0.0000121;   0.0000168;   0.0000396;   0.0000495;   0.0001102;   0.0004677;   0.0038164;   0.0214281;   0.0498912;   0.1942463;   0.4231506;   2.2243834;
     4;   0.0000120;   0.0000168;   0.0000395;   0.0000494;   0.0001118;   0.0004493;   0.0037704;   0.0221823;   0.0492435;   0.1818980;   0.3680858;   2.1208129;
     5;   0.0000120;   0.0000167;   0.0000396;   0.0000496;   0.0001114;   0.0004547;   0.0038620;   0.0287091;   0.0493709;   0.2133216;   0.4949870;   2.2086654;
     6;   0.0000120;   0.0000166;   0.0000396;   0.0000497;   0.0001116;   0.0004511;   0.0035987;   0.0192529;   0.0495626;   0.1480502;   0.5168074;   3.0273912;
     7;   0.0000119;   0.0000168;   0.0000398;   0.0000502;   0.0001109;   0.0004523;   0.0038793;   0.0194218;   0.0495531;   0.1480382;   0.5529154;   2.5455194;
     8;   0.0000121;   0.0000168;   0.0000394;   0.0000496;   0.0001250;   0.0004872;   0.0035749;   0.0201945;   0.0556042;   0.1400663;   0.4569830;   2.3610585;
     9;   0.0000120;   0.0000167;   0.0000395;   0.0000498;   0.0001234;   0.0004800;   0.0034667;   0.0199350;   0.0553995;   0.1350328;   0.3821432;   2.2820374;
